0,0:	(34,177,76)
1,0:	(34,177,76)
2,0:	(34,177,76)
3,0:	(34,177,76)
4,0:	(34,177,76)
5,0:	(34,177,76)
6,0:	(34,177,76)
7,0:	(34,177,76)
8,0:	(34,177,76)
9,0:	(34,177,76)
10,0:	(34,177,76)
11,0:	(34,177,76)
12,0:	(34,177,76)
13,0:	(34,177,76)
14,0:	(34,177,76)
15,0:	(34,177,76)
16,0:	(34,177,76)
17,0:	(34,177,76)
18,0:	(34,177,76)
19,0:	(34,177,76)
20,0:	(34,177,76)
21,0:	(34,177,76)
22,0:	(34,177,76)
23,0:	(34,177,76)
24,0:	(34,177,76)
25,0:	(34,177,76)
26,0:	(34,177,76)
27,0:	(34,177,76)
28,0:	(34,177,76)
29,0:	(34,177,76)
30,0:	(34,177,76)
31,0:	(34,177,76)
32,0:	(34,177,76)
33,0:	(34,177,76)
34,0:	(34,177,76)
35,0:	(34,177,76)
36,0:	(34,177,76)
37,0:	(34,177,76)
38,0:	(34,177,76)
39,0:	(34,177,76)
40,0:	(34,177,76)
41,0:	(34,177,76)
42,0:	(34,177,76)
43,0:	(34,177,76)
44,0:	(34,177,76)
45,0:	(34,177,76)
46,0:	(34,177,76)
47,0:	(34,177,76)
48,0:	(34,177,76)
49,0:	(34,177,76)
0,1:	(34,177,76)
1,1:	(34,177,76)
2,1:	(34,177,76)
3,1:	(34,177,76)
4,1:	(34,177,76)
5,1:	(34,177,76)
6,1:	(34,177,76)
7,1:	(34,177,76)
8,1:	(34,177,76)
9,1:	(34,177,76)
10,1:	(34,177,76)
11,1:	(34,177,76)
12,1:	(34,177,76)
13,1:	(34,177,76)
14,1:	(34,177,76)
15,1:	(34,177,76)
16,1:	(34,177,76)
17,1:	(34,177,76)
18,1:	(34,177,76)
19,1:	(34,177,76)
20,1:	(34,177,76)
21,1:	(34,177,76)
22,1:	(34,177,76)
23,1:	(34,177,76)
24,1:	(34,177,76)
25,1:	(34,177,76)
26,1:	(34,177,76)
27,1:	(34,177,76)
28,1:	(34,177,76)
29,1:	(34,177,76)
30,1:	(34,177,76)
31,1:	(34,177,76)
32,1:	(34,177,76)
33,1:	(34,177,76)
34,1:	(34,177,76)
35,1:	(34,177,76)
36,1:	(34,177,76)
37,1:	(34,177,76)
38,1:	(34,177,76)
39,1:	(34,177,76)
40,1:	(34,177,76)
41,1:	(34,177,76)
42,1:	(34,177,76)
43,1:	(34,177,76)
44,1:	(34,177,76)
45,1:	(34,177,76)
46,1:	(34,177,76)
47,1:	(34,177,76)
48,1:	(34,177,76)
49,1:	(34,177,76)
0,2:	(34,177,76)
1,2:	(34,177,76)
2,2:	(34,177,76)
3,2:	(34,177,76)
4,2:	(34,177,76)
5,2:	(34,177,76)
6,2:	(34,177,76)
7,2:	(34,177,76)
8,2:	(34,177,76)
9,2:	(34,177,76)
10,2:	(34,177,76)
11,2:	(34,177,76)
12,2:	(34,177,76)
13,2:	(34,177,76)
14,2:	(34,177,76)
15,2:	(34,177,76)
16,2:	(34,177,76)
17,2:	(34,177,76)
18,2:	(34,177,76)
19,2:	(34,177,76)
20,2:	(34,177,76)
21,2:	(34,177,76)
22,2:	(34,177,76)
23,2:	(34,177,76)
24,2:	(34,177,76)
25,2:	(34,177,76)
26,2:	(34,177,76)
27,2:	(34,177,76)
28,2:	(34,177,76)
29,2:	(34,177,76)
30,2:	(34,177,76)
31,2:	(34,177,76)
32,2:	(34,177,76)
33,2:	(34,177,76)
34,2:	(34,177,76)
35,2:	(34,177,76)
36,2:	(34,177,76)
37,2:	(34,177,76)
38,2:	(34,177,76)
39,2:	(34,177,76)
40,2:	(34,177,76)
41,2:	(34,177,76)
42,2:	(34,177,76)
43,2:	(34,177,76)
44,2:	(34,177,76)
45,2:	(34,177,76)
46,2:	(34,177,76)
47,2:	(34,177,76)
48,2:	(34,177,76)
49,2:	(34,177,76)
0,3:	(34,177,76)
1,3:	(34,177,76)
2,3:	(34,177,76)
3,3:	(34,177,76)
4,3:	(34,177,76)
5,3:	(34,177,76)
6,3:	(34,177,76)
7,3:	(34,177,76)
8,3:	(34,177,76)
9,3:	(34,177,76)
10,3:	(34,177,76)
11,3:	(34,177,76)
12,3:	(34,177,76)
13,3:	(34,177,76)
14,3:	(34,177,76)
15,3:	(34,177,76)
16,3:	(34,177,76)
17,3:	(34,177,76)
18,3:	(34,177,76)
19,3:	(34,177,76)
20,3:	(34,177,76)
21,3:	(34,177,76)
22,3:	(34,177,76)
23,3:	(34,177,76)
24,3:	(34,177,76)
25,3:	(34,177,76)
26,3:	(34,177,76)
27,3:	(34,177,76)
28,3:	(34,177,76)
29,3:	(34,177,76)
30,3:	(34,177,76)
31,3:	(34,177,76)
32,3:	(34,177,76)
33,3:	(34,177,76)
34,3:	(34,177,76)
35,3:	(34,177,76)
36,3:	(34,177,76)
37,3:	(34,177,76)
38,3:	(34,177,76)
39,3:	(34,177,76)
40,3:	(34,177,76)
41,3:	(34,177,76)
42,3:	(34,177,76)
43,3:	(34,177,76)
44,3:	(34,177,76)
45,3:	(34,177,76)
46,3:	(34,177,76)
47,3:	(34,177,76)
48,3:	(34,177,76)
49,3:	(34,177,76)
0,4:	(34,177,76)
1,4:	(34,177,76)
2,4:	(34,177,76)
3,4:	(34,177,76)
4,4:	(34,177,76)
5,4:	(34,177,76)
6,4:	(34,177,76)
7,4:	(34,177,76)
8,4:	(34,177,76)
9,4:	(34,177,76)
10,4:	(0,0,0)
11,4:	(0,0,0)
12,4:	(0,0,0)
13,4:	(0,0,0)
14,4:	(0,0,0)
15,4:	(34,177,76)
16,4:	(34,177,76)
17,4:	(34,177,76)
18,4:	(34,177,76)
19,4:	(34,177,76)
20,4:	(34,177,76)
21,4:	(34,177,76)
22,4:	(34,177,76)
23,4:	(34,177,76)
24,4:	(34,177,76)
25,4:	(34,177,76)
26,4:	(34,177,76)
27,4:	(34,177,76)
28,4:	(34,177,76)
29,4:	(34,177,76)
30,4:	(34,177,76)
31,4:	(34,177,76)
32,4:	(34,177,76)
33,4:	(34,177,76)
34,4:	(34,177,76)
35,4:	(0,0,0)
36,4:	(0,0,0)
37,4:	(0,0,0)
38,4:	(0,0,0)
39,4:	(0,0,0)
40,4:	(34,177,76)
41,4:	(34,177,76)
42,4:	(34,177,76)
43,4:	(34,177,76)
44,4:	(34,177,76)
45,4:	(34,177,76)
46,4:	(34,177,76)
47,4:	(34,177,76)
48,4:	(34,177,76)
49,4:	(34,177,76)
0,5:	(34,177,76)
1,5:	(34,177,76)
2,5:	(34,177,76)
3,5:	(34,177,76)
4,5:	(34,177,76)
5,5:	(34,177,76)
6,5:	(34,177,76)
7,5:	(34,177,76)
8,5:	(0,0,0)
9,5:	(0,0,0)
10,5:	(0,0,0)
11,5:	(0,0,0)
12,5:	(0,0,0)
13,5:	(0,0,0)
14,5:	(0,0,0)
15,5:	(0,0,0)
16,5:	(0,0,0)
17,5:	(34,177,76)
18,5:	(34,177,76)
19,5:	(34,177,76)
20,5:	(34,177,76)
21,5:	(34,177,76)
22,5:	(34,177,76)
23,5:	(34,177,76)
24,5:	(34,177,76)
25,5:	(34,177,76)
26,5:	(34,177,76)
27,5:	(34,177,76)
28,5:	(34,177,76)
29,5:	(34,177,76)
30,5:	(34,177,76)
31,5:	(34,177,76)
32,5:	(34,177,76)
33,5:	(0,0,0)
34,5:	(0,0,0)
35,5:	(0,0,0)
36,5:	(0,0,0)
37,5:	(0,0,0)
38,5:	(0,0,0)
39,5:	(0,0,0)
40,5:	(0,0,0)
41,5:	(0,0,0)
42,5:	(34,177,76)
43,5:	(34,177,76)
44,5:	(34,177,76)
45,5:	(34,177,76)
46,5:	(34,177,76)
47,5:	(34,177,76)
48,5:	(34,177,76)
49,5:	(34,177,76)
0,6:	(34,177,76)
1,6:	(34,177,76)
2,6:	(34,177,76)
3,6:	(34,177,76)
4,6:	(34,177,76)
5,6:	(34,177,76)
6,6:	(0,0,0)
7,6:	(0,0,0)
8,6:	(0,0,0)
9,6:	(0,0,0)
10,6:	(0,0,0)
11,6:	(0,0,0)
12,6:	(0,0,0)
13,6:	(0,0,0)
14,6:	(0,0,0)
15,6:	(0,0,0)
16,6:	(0,0,0)
17,6:	(0,0,0)
18,6:	(0,0,0)
19,6:	(34,177,76)
20,6:	(34,177,76)
21,6:	(34,177,76)
22,6:	(34,177,76)
23,6:	(34,177,76)
24,6:	(34,177,76)
25,6:	(34,177,76)
26,6:	(34,177,76)
27,6:	(34,177,76)
28,6:	(34,177,76)
29,6:	(34,177,76)
30,6:	(34,177,76)
31,6:	(0,0,0)
32,6:	(0,0,0)
33,6:	(0,0,0)
34,6:	(0,0,0)
35,6:	(0,0,0)
36,6:	(0,0,0)
37,6:	(0,0,0)
38,6:	(0,0,0)
39,6:	(0,0,0)
40,6:	(0,0,0)
41,6:	(0,0,0)
42,6:	(0,0,0)
43,6:	(0,0,0)
44,6:	(34,177,76)
45,6:	(34,177,76)
46,6:	(34,177,76)
47,6:	(34,177,76)
48,6:	(34,177,76)
49,6:	(34,177,76)
0,7:	(34,177,76)
1,7:	(34,177,76)
2,7:	(34,177,76)
3,7:	(34,177,76)
4,7:	(34,177,76)
5,7:	(0,0,0)
6,7:	(0,0,0)
7,7:	(0,0,0)
8,7:	(0,0,0)
9,7:	(0,0,0)
10,7:	(0,0,0)
11,7:	(0,0,0)
12,7:	(0,0,0)
13,7:	(0,0,0)
14,7:	(0,0,0)
15,7:	(0,0,0)
16,7:	(0,0,0)
17,7:	(0,0,0)
18,7:	(0,0,0)
19,7:	(0,0,0)
20,7:	(34,177,76)
21,7:	(34,177,76)
22,7:	(34,177,76)
23,7:	(34,177,76)
24,7:	(34,177,76)
25,7:	(34,177,76)
26,7:	(34,177,76)
27,7:	(34,177,76)
28,7:	(34,177,76)
29,7:	(34,177,76)
30,7:	(0,0,0)
31,7:	(0,0,0)
32,7:	(0,0,0)
33,7:	(0,0,0)
34,7:	(0,0,0)
35,7:	(0,0,0)
36,7:	(0,0,0)
37,7:	(0,0,0)
38,7:	(0,0,0)
39,7:	(0,0,0)
40,7:	(0,0,0)
41,7:	(0,0,0)
42,7:	(0,0,0)
43,7:	(0,0,0)
44,7:	(0,0,0)
45,7:	(34,177,76)
46,7:	(34,177,76)
47,7:	(34,177,76)
48,7:	(34,177,76)
49,7:	(34,177,76)
0,8:	(34,177,76)
1,8:	(34,177,76)
2,8:	(34,177,76)
3,8:	(34,177,76)
4,8:	(34,177,76)
5,8:	(0,0,0)
6,8:	(0,0,0)
7,8:	(0,0,0)
8,8:	(0,0,0)
9,8:	(0,0,0)
10,8:	(0,0,0)
11,8:	(0,0,0)
12,8:	(0,0,0)
13,8:	(0,0,0)
14,8:	(0,0,0)
15,8:	(0,0,0)
16,8:	(0,0,0)
17,8:	(0,0,0)
18,8:	(0,0,0)
19,8:	(0,0,0)
20,8:	(34,177,76)
21,8:	(34,177,76)
22,8:	(34,177,76)
23,8:	(34,177,76)
24,8:	(34,177,76)
25,8:	(34,177,76)
26,8:	(34,177,76)
27,8:	(34,177,76)
28,8:	(34,177,76)
29,8:	(34,177,76)
30,8:	(0,0,0)
31,8:	(0,0,0)
32,8:	(0,0,0)
33,8:	(255,255,255)
34,8:	(255,255,255)
35,8:	(255,255,255)
36,8:	(255,255,255)
37,8:	(0,0,0)
38,8:	(0,0,0)
39,8:	(0,0,0)
40,8:	(0,0,0)
41,8:	(0,0,0)
42,8:	(0,0,0)
43,8:	(0,0,0)
44,8:	(0,0,0)
45,8:	(34,177,76)
46,8:	(34,177,76)
47,8:	(34,177,76)
48,8:	(34,177,76)
49,8:	(34,177,76)
0,9:	(34,177,76)
1,9:	(34,177,76)
2,9:	(34,177,76)
3,9:	(34,177,76)
4,9:	(0,0,0)
5,9:	(0,0,0)
6,9:	(0,0,0)
7,9:	(255,255,255)
8,9:	(255,255,255)
9,9:	(255,255,255)
10,9:	(255,255,255)
11,9:	(255,255,255)
12,9:	(0,0,0)
13,9:	(0,0,0)
14,9:	(0,0,0)
15,9:	(0,0,0)
16,9:	(0,0,0)
17,9:	(0,0,0)
18,9:	(0,0,0)
19,9:	(0,0,0)
20,9:	(0,0,0)
21,9:	(34,177,76)
22,9:	(34,177,76)
23,9:	(34,177,76)
24,9:	(34,177,76)
25,9:	(34,177,76)
26,9:	(34,177,76)
27,9:	(34,177,76)
28,9:	(34,177,76)
29,9:	(0,0,0)
30,9:	(0,0,0)
31,9:	(255,255,255)
32,9:	(255,255,255)
33,9:	(255,255,255)
34,9:	(255,255,255)
35,9:	(255,255,255)
36,9:	(255,255,255)
37,9:	(0,0,0)
38,9:	(0,0,0)
39,9:	(0,0,0)
40,9:	(0,0,0)
41,9:	(0,0,0)
42,9:	(0,0,0)
43,9:	(0,0,0)
44,9:	(0,0,0)
45,9:	(0,0,0)
46,9:	(34,177,76)
47,9:	(34,177,76)
48,9:	(34,177,76)
49,9:	(34,177,76)
0,10:	(34,177,76)
1,10:	(34,177,76)
2,10:	(34,177,76)
3,10:	(0,0,0)
4,10:	(0,0,0)
5,10:	(0,0,0)
6,10:	(255,255,255)
7,10:	(255,255,255)
8,10:	(255,255,255)
9,10:	(255,255,255)
10,10:	(255,255,255)
11,10:	(255,255,255)
12,10:	(0,0,0)
13,10:	(0,0,0)
14,10:	(0,0,0)
15,10:	(0,0,0)
16,10:	(0,0,0)
17,10:	(0,0,0)
18,10:	(0,0,0)
19,10:	(0,0,0)
20,10:	(0,0,0)
21,10:	(34,177,76)
22,10:	(34,177,76)
23,10:	(34,177,76)
24,10:	(34,177,76)
25,10:	(34,177,76)
26,10:	(34,177,76)
27,10:	(34,177,76)
28,10:	(0,0,0)
29,10:	(0,0,0)
30,10:	(0,0,0)
31,10:	(255,255,255)
32,10:	(255,255,255)
33,10:	(255,255,255)
34,10:	(255,255,255)
35,10:	(255,255,255)
36,10:	(255,255,255)
37,10:	(0,0,0)
38,10:	(0,0,0)
39,10:	(0,0,0)
40,10:	(0,0,0)
41,10:	(0,0,0)
42,10:	(0,0,0)
43,10:	(0,0,0)
44,10:	(0,0,0)
45,10:	(0,0,0)
46,10:	(34,177,76)
47,10:	(34,177,76)
48,10:	(34,177,76)
49,10:	(34,177,76)
0,11:	(34,177,76)
1,11:	(34,177,76)
2,11:	(34,177,76)
3,11:	(0,0,0)
4,11:	(0,0,0)
5,11:	(0,0,0)
6,11:	(255,255,255)
7,11:	(255,255,255)
8,11:	(255,255,255)
9,11:	(255,255,255)
10,11:	(255,255,255)
11,11:	(255,255,255)
12,11:	(0,0,0)
13,11:	(0,0,0)
14,11:	(0,0,0)
15,11:	(0,0,0)
16,11:	(0,0,0)
17,11:	(0,0,0)
18,11:	(0,0,0)
19,11:	(0,0,0)
20,11:	(0,0,0)
21,11:	(0,0,0)
22,11:	(34,177,76)
23,11:	(34,177,76)
24,11:	(34,177,76)
25,11:	(34,177,76)
26,11:	(34,177,76)
27,11:	(34,177,76)
28,11:	(0,0,0)
29,11:	(0,0,0)
30,11:	(0,0,0)
31,11:	(255,255,255)
32,11:	(255,255,255)
33,11:	(255,255,255)
34,11:	(255,255,255)
35,11:	(255,255,255)
36,11:	(255,255,255)
37,11:	(0,0,0)
38,11:	(0,0,0)
39,11:	(0,0,0)
40,11:	(0,0,0)
41,11:	(0,0,0)
42,11:	(0,0,0)
43,11:	(0,0,0)
44,11:	(0,0,0)
45,11:	(0,0,0)
46,11:	(0,0,0)
47,11:	(34,177,76)
48,11:	(34,177,76)
49,11:	(34,177,76)
0,12:	(34,177,76)
1,12:	(34,177,76)
2,12:	(34,177,76)
3,12:	(0,0,0)
4,12:	(0,0,0)
5,12:	(0,0,0)
6,12:	(255,255,255)
7,12:	(255,255,255)
8,12:	(255,255,255)
9,12:	(255,255,255)
10,12:	(255,255,255)
11,12:	(255,255,255)
12,12:	(0,0,0)
13,12:	(0,0,0)
14,12:	(0,0,0)
15,12:	(0,0,0)
16,12:	(0,0,0)
17,12:	(0,0,0)
18,12:	(0,0,0)
19,12:	(0,0,0)
20,12:	(0,0,0)
21,12:	(0,0,0)
22,12:	(34,177,76)
23,12:	(34,177,76)
24,12:	(34,177,76)
25,12:	(34,177,76)
26,12:	(34,177,76)
27,12:	(34,177,76)
28,12:	(0,0,0)
29,12:	(0,0,0)
30,12:	(0,0,0)
31,12:	(255,255,255)
32,12:	(255,255,255)
33,12:	(255,255,255)
34,12:	(255,255,255)
35,12:	(255,255,255)
36,12:	(0,0,0)
37,12:	(0,0,0)
38,12:	(0,0,0)
39,12:	(0,0,0)
40,12:	(0,0,0)
41,12:	(0,0,0)
42,12:	(0,0,0)
43,12:	(0,0,0)
44,12:	(0,0,0)
45,12:	(0,0,0)
46,12:	(0,0,0)
47,12:	(34,177,76)
48,12:	(34,177,76)
49,12:	(34,177,76)
0,13:	(34,177,76)
1,13:	(34,177,76)
2,13:	(34,177,76)
3,13:	(0,0,0)
4,13:	(0,0,0)
5,13:	(0,0,0)
6,13:	(0,0,0)
7,13:	(255,255,255)
8,13:	(255,255,255)
9,13:	(255,255,255)
10,13:	(0,0,0)
11,13:	(0,0,0)
12,13:	(0,0,0)
13,13:	(0,0,0)
14,13:	(0,0,0)
15,13:	(0,0,0)
16,13:	(0,0,0)
17,13:	(0,0,0)
18,13:	(0,0,0)
19,13:	(0,0,0)
20,13:	(0,0,0)
21,13:	(0,0,0)
22,13:	(34,177,76)
23,13:	(34,177,76)
24,13:	(34,177,76)
25,13:	(34,177,76)
26,13:	(34,177,76)
27,13:	(34,177,76)
28,13:	(0,0,0)
29,13:	(0,0,0)
30,13:	(0,0,0)
31,13:	(0,0,0)
32,13:	(0,0,0)
33,13:	(0,0,0)
34,13:	(0,0,0)
35,13:	(0,0,0)
36,13:	(0,0,0)
37,13:	(0,0,0)
38,13:	(0,0,0)
39,13:	(0,0,0)
40,13:	(0,0,0)
41,13:	(0,0,0)
42,13:	(0,0,0)
43,13:	(0,0,0)
44,13:	(0,0,0)
45,13:	(0,0,0)
46,13:	(0,0,0)
47,13:	(34,177,76)
48,13:	(34,177,76)
49,13:	(34,177,76)
0,14:	(34,177,76)
1,14:	(34,177,76)
2,14:	(34,177,76)
3,14:	(0,0,0)
4,14:	(0,0,0)
5,14:	(0,0,0)
6,14:	(0,0,0)
7,14:	(0,0,0)
8,14:	(0,0,0)
9,14:	(0,0,0)
10,14:	(0,0,0)
11,14:	(0,0,0)
12,14:	(0,0,0)
13,14:	(0,0,0)
14,14:	(0,0,0)
15,14:	(0,0,0)
16,14:	(0,0,0)
17,14:	(0,0,0)
18,14:	(0,0,0)
19,14:	(0,0,0)
20,14:	(0,0,0)
21,14:	(0,0,0)
22,14:	(34,177,76)
23,14:	(34,177,76)
24,14:	(34,177,76)
25,14:	(34,177,76)
26,14:	(34,177,76)
27,14:	(34,177,76)
28,14:	(0,0,0)
29,14:	(0,0,0)
30,14:	(0,0,0)
31,14:	(0,0,0)
32,14:	(0,0,0)
33,14:	(0,0,0)
34,14:	(0,0,0)
35,14:	(0,0,0)
36,14:	(0,0,0)
37,14:	(0,0,0)
38,14:	(0,0,0)
39,14:	(0,0,0)
40,14:	(0,0,0)
41,14:	(0,0,0)
42,14:	(0,0,0)
43,14:	(0,0,0)
44,14:	(0,0,0)
45,14:	(0,0,0)
46,14:	(0,0,0)
47,14:	(34,177,76)
48,14:	(34,177,76)
49,14:	(34,177,76)
0,15:	(34,177,76)
1,15:	(34,177,76)
2,15:	(34,177,76)
3,15:	(0,0,0)
4,15:	(0,0,0)
5,15:	(0,0,0)
6,15:	(0,0,0)
7,15:	(0,0,0)
8,15:	(0,0,0)
9,15:	(0,0,0)
10,15:	(0,0,0)
11,15:	(0,0,0)
12,15:	(0,0,0)
13,15:	(0,0,0)
14,15:	(0,0,0)
15,15:	(0,0,0)
16,15:	(0,0,0)
17,15:	(0,0,0)
18,15:	(0,0,0)
19,15:	(0,0,0)
20,15:	(0,0,0)
21,15:	(0,0,0)
22,15:	(34,177,76)
23,15:	(34,177,76)
24,15:	(34,177,76)
25,15:	(34,177,76)
26,15:	(34,177,76)
27,15:	(34,177,76)
28,15:	(0,0,0)
29,15:	(0,0,0)
30,15:	(0,0,0)
31,15:	(0,0,0)
32,15:	(0,0,0)
33,15:	(0,0,0)
34,15:	(0,0,0)
35,15:	(0,0,0)
36,15:	(0,0,0)
37,15:	(0,0,0)
38,15:	(0,0,0)
39,15:	(0,0,0)
40,15:	(0,0,0)
41,15:	(0,0,0)
42,15:	(0,0,0)
43,15:	(0,0,0)
44,15:	(0,0,0)
45,15:	(0,0,0)
46,15:	(34,177,76)
47,15:	(34,177,76)
48,15:	(34,177,76)
49,15:	(34,177,76)
0,16:	(34,177,76)
1,16:	(34,177,76)
2,16:	(34,177,76)
3,16:	(34,177,76)
4,16:	(0,0,0)
5,16:	(0,0,0)
6,16:	(0,0,0)
7,16:	(0,0,0)
8,16:	(0,0,0)
9,16:	(0,0,0)
10,16:	(0,0,0)
11,16:	(0,0,0)
12,16:	(0,0,0)
13,16:	(0,0,0)
14,16:	(0,0,0)
15,16:	(0,0,0)
16,16:	(0,0,0)
17,16:	(0,0,0)
18,16:	(0,0,0)
19,16:	(0,0,0)
20,16:	(0,0,0)
21,16:	(0,0,0)
22,16:	(34,177,76)
23,16:	(34,177,76)
24,16:	(34,177,76)
25,16:	(34,177,76)
26,16:	(34,177,76)
27,16:	(34,177,76)
28,16:	(0,0,0)
29,16:	(0,0,0)
30,16:	(0,0,0)
31,16:	(0,0,0)
32,16:	(0,0,0)
33,16:	(0,0,0)
34,16:	(0,0,0)
35,16:	(0,0,0)
36,16:	(0,0,0)
37,16:	(0,0,0)
38,16:	(0,0,0)
39,16:	(0,0,0)
40,16:	(0,0,0)
41,16:	(0,0,0)
42,16:	(0,0,0)
43,16:	(0,0,0)
44,16:	(0,0,0)
45,16:	(0,0,0)
46,16:	(34,177,76)
47,16:	(34,177,76)
48,16:	(34,177,76)
49,16:	(34,177,76)
0,17:	(34,177,76)
1,17:	(34,177,76)
2,17:	(34,177,76)
3,17:	(34,177,76)
4,17:	(34,177,76)
5,17:	(0,0,0)
6,17:	(0,0,0)
7,17:	(0,0,0)
8,17:	(0,0,0)
9,17:	(0,0,0)
10,17:	(0,0,0)
11,17:	(0,0,0)
12,17:	(0,0,0)
13,17:	(0,0,0)
14,17:	(0,0,0)
15,17:	(0,0,0)
16,17:	(0,0,0)
17,17:	(0,0,0)
18,17:	(0,0,0)
19,17:	(0,0,0)
20,17:	(0,0,0)
21,17:	(0,0,0)
22,17:	(34,177,76)
23,17:	(34,177,76)
24,17:	(34,177,76)
25,17:	(34,177,76)
26,17:	(34,177,76)
27,17:	(34,177,76)
28,17:	(0,0,0)
29,17:	(0,0,0)
30,17:	(0,0,0)
31,17:	(0,0,0)
32,17:	(0,0,0)
33,17:	(0,0,0)
34,17:	(0,0,0)
35,17:	(0,0,0)
36,17:	(0,0,0)
37,17:	(0,0,0)
38,17:	(0,0,0)
39,17:	(0,0,0)
40,17:	(0,0,0)
41,17:	(0,0,0)
42,17:	(0,0,0)
43,17:	(0,0,0)
44,17:	(0,0,0)
45,17:	(34,177,76)
46,17:	(34,177,76)
47,17:	(34,177,76)
48,17:	(34,177,76)
49,17:	(34,177,76)
0,18:	(34,177,76)
1,18:	(34,177,76)
2,18:	(34,177,76)
3,18:	(34,177,76)
4,18:	(34,177,76)
5,18:	(0,0,0)
6,18:	(0,0,0)
7,18:	(0,0,0)
8,18:	(0,0,0)
9,18:	(0,0,0)
10,18:	(0,0,0)
11,18:	(0,0,0)
12,18:	(0,0,0)
13,18:	(0,0,0)
14,18:	(0,0,0)
15,18:	(255,255,255)
16,18:	(0,0,0)
17,18:	(0,0,0)
18,18:	(0,0,0)
19,18:	(0,0,0)
20,18:	(0,0,0)
21,18:	(0,0,0)
22,18:	(34,177,76)
23,18:	(34,177,76)
24,18:	(34,177,76)
25,18:	(34,177,76)
26,18:	(34,177,76)
27,18:	(34,177,76)
28,18:	(0,0,0)
29,18:	(0,0,0)
30,18:	(0,0,0)
31,18:	(0,0,0)
32,18:	(0,0,0)
33,18:	(0,0,0)
34,18:	(0,0,0)
35,18:	(0,0,0)
36,18:	(0,0,0)
37,18:	(255,255,255)
38,18:	(0,0,0)
39,18:	(0,0,0)
40,18:	(0,0,0)
41,18:	(0,0,0)
42,18:	(0,0,0)
43,18:	(0,0,0)
44,18:	(0,0,0)
45,18:	(34,177,76)
46,18:	(34,177,76)
47,18:	(34,177,76)
48,18:	(34,177,76)
49,18:	(34,177,76)
0,19:	(34,177,76)
1,19:	(34,177,76)
2,19:	(34,177,76)
3,19:	(34,177,76)
4,19:	(34,177,76)
5,19:	(34,177,76)
6,19:	(0,0,0)
7,19:	(0,0,0)
8,19:	(0,0,0)
9,19:	(0,0,0)
10,19:	(0,0,0)
11,19:	(0,0,0)
12,19:	(0,0,0)
13,19:	(0,0,0)
14,19:	(255,255,255)
15,19:	(255,255,255)
16,19:	(255,255,255)
17,19:	(0,0,0)
18,19:	(0,0,0)
19,19:	(0,0,0)
20,19:	(0,0,0)
21,19:	(0,0,0)
22,19:	(34,177,76)
23,19:	(34,177,76)
24,19:	(34,177,76)
25,19:	(34,177,76)
26,19:	(34,177,76)
27,19:	(34,177,76)
28,19:	(0,0,0)
29,19:	(0,0,0)
30,19:	(0,0,0)
31,19:	(0,0,0)
32,19:	(0,0,0)
33,19:	(0,0,0)
34,19:	(0,0,0)
35,19:	(0,0,0)
36,19:	(255,255,255)
37,19:	(255,255,255)
38,19:	(255,255,255)
39,19:	(0,0,0)
40,19:	(0,0,0)
41,19:	(0,0,0)
42,19:	(0,0,0)
43,19:	(0,0,0)
44,19:	(34,177,76)
45,19:	(34,177,76)
46,19:	(34,177,76)
47,19:	(34,177,76)
48,19:	(34,177,76)
49,19:	(34,177,76)
0,20:	(34,177,76)
1,20:	(34,177,76)
2,20:	(34,177,76)
3,20:	(34,177,76)
4,20:	(34,177,76)
5,20:	(34,177,76)
6,20:	(34,177,76)
7,20:	(0,0,0)
8,20:	(0,0,0)
9,20:	(0,0,0)
10,20:	(0,0,0)
11,20:	(0,0,0)
12,20:	(0,0,0)
13,20:	(0,0,0)
14,20:	(0,0,0)
15,20:	(255,255,255)
16,20:	(0,0,0)
17,20:	(0,0,0)
18,20:	(0,0,0)
19,20:	(0,0,0)
20,20:	(0,0,0)
21,20:	(0,0,0)
22,20:	(34,177,76)
23,20:	(34,177,76)
24,20:	(34,177,76)
25,20:	(34,177,76)
26,20:	(34,177,76)
27,20:	(34,177,76)
28,20:	(0,0,0)
29,20:	(0,0,0)
30,20:	(0,0,0)
31,20:	(0,0,0)
32,20:	(0,0,0)
33,20:	(0,0,0)
34,20:	(0,0,0)
35,20:	(0,0,0)
36,20:	(0,0,0)
37,20:	(255,255,255)
38,20:	(0,0,0)
39,20:	(0,0,0)
40,20:	(0,0,0)
41,20:	(0,0,0)
42,20:	(0,0,0)
43,20:	(34,177,76)
44,20:	(34,177,76)
45,20:	(34,177,76)
46,20:	(34,177,76)
47,20:	(34,177,76)
48,20:	(34,177,76)
49,20:	(34,177,76)
0,21:	(34,177,76)
1,21:	(34,177,76)
2,21:	(34,177,76)
3,21:	(34,177,76)
4,21:	(34,177,76)
5,21:	(34,177,76)
6,21:	(34,177,76)
7,21:	(34,177,76)
8,21:	(0,0,0)
9,21:	(0,0,0)
10,21:	(0,0,0)
11,21:	(0,0,0)
12,21:	(0,0,0)
13,21:	(0,0,0)
14,21:	(0,0,0)
15,21:	(0,0,0)
16,21:	(0,0,0)
17,21:	(0,0,0)
18,21:	(0,0,0)
19,21:	(0,0,0)
20,21:	(0,0,0)
21,21:	(0,0,0)
22,21:	(34,177,76)
23,21:	(34,177,76)
24,21:	(34,177,76)
25,21:	(34,177,76)
26,21:	(34,177,76)
27,21:	(34,177,76)
28,21:	(0,0,0)
29,21:	(0,0,0)
30,21:	(0,0,0)
31,21:	(0,0,0)
32,21:	(0,0,0)
33,21:	(0,0,0)
34,21:	(0,0,0)
35,21:	(0,0,0)
36,21:	(0,0,0)
37,21:	(0,0,0)
38,21:	(0,0,0)
39,21:	(0,0,0)
40,21:	(0,0,0)
41,21:	(0,0,0)
42,21:	(34,177,76)
43,21:	(34,177,76)
44,21:	(34,177,76)
45,21:	(34,177,76)
46,21:	(34,177,76)
47,21:	(34,177,76)
48,21:	(34,177,76)
49,21:	(34,177,76)
0,22:	(34,177,76)
1,22:	(34,177,76)
2,22:	(34,177,76)
3,22:	(34,177,76)
4,22:	(34,177,76)
5,22:	(34,177,76)
6,22:	(34,177,76)
7,22:	(34,177,76)
8,22:	(34,177,76)
9,22:	(0,0,0)
10,22:	(0,0,0)
11,22:	(0,0,0)
12,22:	(0,0,0)
13,22:	(0,0,0)
14,22:	(0,0,0)
15,22:	(0,0,0)
16,22:	(0,0,0)
17,22:	(0,0,0)
18,22:	(0,0,0)
19,22:	(0,0,0)
20,22:	(0,0,0)
21,22:	(0,0,0)
22,22:	(34,177,76)
23,22:	(34,177,76)
24,22:	(34,177,76)
25,22:	(34,177,76)
26,22:	(34,177,76)
27,22:	(34,177,76)
28,22:	(0,0,0)
29,22:	(0,0,0)
30,22:	(0,0,0)
31,22:	(0,0,0)
32,22:	(0,0,0)
33,22:	(0,0,0)
34,22:	(0,0,0)
35,22:	(0,0,0)
36,22:	(0,0,0)
37,22:	(0,0,0)
38,22:	(0,0,0)
39,22:	(0,0,0)
40,22:	(0,0,0)
41,22:	(34,177,76)
42,22:	(34,177,76)
43,22:	(34,177,76)
44,22:	(34,177,76)
45,22:	(34,177,76)
46,22:	(34,177,76)
47,22:	(34,177,76)
48,22:	(34,177,76)
49,22:	(34,177,76)
0,23:	(34,177,76)
1,23:	(34,177,76)
2,23:	(34,177,76)
3,23:	(34,177,76)
4,23:	(34,177,76)
5,23:	(34,177,76)
6,23:	(34,177,76)
7,23:	(34,177,76)
8,23:	(34,177,76)
9,23:	(34,177,76)
10,23:	(0,0,0)
11,23:	(0,0,0)
12,23:	(0,0,0)
13,23:	(0,0,0)
14,23:	(0,0,0)
15,23:	(0,0,0)
16,23:	(0,0,0)
17,23:	(0,0,0)
18,23:	(0,0,0)
19,23:	(0,0,0)
20,23:	(0,0,0)
21,23:	(0,0,0)
22,23:	(34,177,76)
23,23:	(34,177,76)
24,23:	(34,177,76)
25,23:	(34,177,76)
26,23:	(34,177,76)
27,23:	(34,177,76)
28,23:	(0,0,0)
29,23:	(0,0,0)
30,23:	(0,0,0)
31,23:	(0,0,0)
32,23:	(0,0,0)
33,23:	(0,0,0)
34,23:	(0,0,0)
35,23:	(0,0,0)
36,23:	(0,0,0)
37,23:	(0,0,0)
38,23:	(0,0,0)
39,23:	(0,0,0)
40,23:	(34,177,76)
41,23:	(34,177,76)
42,23:	(34,177,76)
43,23:	(34,177,76)
44,23:	(34,177,76)
45,23:	(34,177,76)
46,23:	(34,177,76)
47,23:	(34,177,76)
48,23:	(34,177,76)
49,23:	(34,177,76)
0,24:	(34,177,76)
1,24:	(34,177,76)
2,24:	(34,177,76)
3,24:	(34,177,76)
4,24:	(34,177,76)
5,24:	(34,177,76)
6,24:	(34,177,76)
7,24:	(34,177,76)
8,24:	(34,177,76)
9,24:	(34,177,76)
10,24:	(34,177,76)
11,24:	(0,0,0)
12,24:	(0,0,0)
13,24:	(0,0,0)
14,24:	(0,0,0)
15,24:	(0,0,0)
16,24:	(0,0,0)
17,24:	(0,0,0)
18,24:	(0,0,0)
19,24:	(0,0,0)
20,24:	(0,0,0)
21,24:	(0,0,0)
22,24:	(34,177,76)
23,24:	(34,177,76)
24,24:	(34,177,76)
25,24:	(34,177,76)
26,24:	(34,177,76)
27,24:	(34,177,76)
28,24:	(0,0,0)
29,24:	(0,0,0)
30,24:	(0,0,0)
31,24:	(0,0,0)
32,24:	(0,0,0)
33,24:	(0,0,0)
34,24:	(0,0,0)
35,24:	(0,0,0)
36,24:	(0,0,0)
37,24:	(0,0,0)
38,24:	(0,0,0)
39,24:	(34,177,76)
40,24:	(34,177,76)
41,24:	(34,177,76)
42,24:	(34,177,76)
43,24:	(34,177,76)
44,24:	(34,177,76)
45,24:	(34,177,76)
46,24:	(34,177,76)
47,24:	(34,177,76)
48,24:	(34,177,76)
49,24:	(34,177,76)
0,25:	(34,177,76)
1,25:	(34,177,76)
2,25:	(34,177,76)
3,25:	(34,177,76)
4,25:	(34,177,76)
5,25:	(34,177,76)
6,25:	(34,177,76)
7,25:	(34,177,76)
8,25:	(34,177,76)
9,25:	(34,177,76)
10,25:	(34,177,76)
11,25:	(34,177,76)
12,25:	(34,177,76)
13,25:	(0,0,0)
14,25:	(0,0,0)
15,25:	(0,0,0)
16,25:	(0,0,0)
17,25:	(0,0,0)
18,25:	(0,0,0)
19,25:	(0,0,0)
20,25:	(0,0,0)
21,25:	(34,177,76)
22,25:	(34,177,76)
23,25:	(34,177,76)
24,25:	(34,177,76)
25,25:	(34,177,76)
26,25:	(34,177,76)
27,25:	(34,177,76)
28,25:	(34,177,76)
29,25:	(0,0,0)
30,25:	(0,0,0)
31,25:	(0,0,0)
32,25:	(0,0,0)
33,25:	(0,0,0)
34,25:	(0,0,0)
35,25:	(0,0,0)
36,25:	(0,0,0)
37,25:	(0,0,0)
38,25:	(34,177,76)
39,25:	(34,177,76)
40,25:	(34,177,76)
41,25:	(34,177,76)
42,25:	(34,177,76)
43,25:	(34,177,76)
44,25:	(34,177,76)
45,25:	(34,177,76)
46,25:	(34,177,76)
47,25:	(34,177,76)
48,25:	(34,177,76)
49,25:	(34,177,76)
0,26:	(34,177,76)
1,26:	(34,177,76)
2,26:	(34,177,76)
3,26:	(34,177,76)
4,26:	(34,177,76)
5,26:	(34,177,76)
6,26:	(34,177,76)
7,26:	(34,177,76)
8,26:	(34,177,76)
9,26:	(34,177,76)
10,26:	(34,177,76)
11,26:	(34,177,76)
12,26:	(34,177,76)
13,26:	(34,177,76)
14,26:	(34,177,76)
15,26:	(34,177,76)
16,26:	(34,177,76)
17,26:	(34,177,76)
18,26:	(34,177,76)
19,26:	(34,177,76)
20,26:	(34,177,76)
21,26:	(34,177,76)
22,26:	(34,177,76)
23,26:	(34,177,76)
24,26:	(34,177,76)
25,26:	(34,177,76)
26,26:	(34,177,76)
27,26:	(34,177,76)
28,26:	(34,177,76)
29,26:	(34,177,76)
30,26:	(34,177,76)
31,26:	(34,177,76)
32,26:	(34,177,76)
33,26:	(34,177,76)
34,26:	(34,177,76)
35,26:	(34,177,76)
36,26:	(34,177,76)
37,26:	(34,177,76)
38,26:	(34,177,76)
39,26:	(34,177,76)
40,26:	(34,177,76)
41,26:	(34,177,76)
42,26:	(34,177,76)
43,26:	(34,177,76)
44,26:	(34,177,76)
45,26:	(34,177,76)
46,26:	(34,177,76)
47,26:	(34,177,76)
48,26:	(34,177,76)
49,26:	(34,177,76)
0,27:	(34,177,76)
1,27:	(34,177,76)
2,27:	(34,177,76)
3,27:	(34,177,76)
4,27:	(34,177,76)
5,27:	(34,177,76)
6,27:	(34,177,76)
7,27:	(34,177,76)
8,27:	(34,177,76)
9,27:	(34,177,76)
10,27:	(34,177,76)
11,27:	(34,177,76)
12,27:	(34,177,76)
13,27:	(34,177,76)
14,27:	(34,177,76)
15,27:	(34,177,76)
16,27:	(34,177,76)
17,27:	(34,177,76)
18,27:	(34,177,76)
19,27:	(34,177,76)
20,27:	(34,177,76)
21,27:	(34,177,76)
22,27:	(34,177,76)
23,27:	(34,177,76)
24,27:	(34,177,76)
25,27:	(34,177,76)
26,27:	(34,177,76)
27,27:	(34,177,76)
28,27:	(34,177,76)
29,27:	(34,177,76)
30,27:	(34,177,76)
31,27:	(34,177,76)
32,27:	(34,177,76)
33,27:	(34,177,76)
34,27:	(34,177,76)
35,27:	(34,177,76)
36,27:	(34,177,76)
37,27:	(34,177,76)
38,27:	(34,177,76)
39,27:	(34,177,76)
40,27:	(34,177,76)
41,27:	(34,177,76)
42,27:	(34,177,76)
43,27:	(34,177,76)
44,27:	(34,177,76)
45,27:	(34,177,76)
46,27:	(34,177,76)
47,27:	(34,177,76)
48,27:	(34,177,76)
49,27:	(34,177,76)
0,28:	(34,177,76)
1,28:	(34,177,76)
2,28:	(34,177,76)
3,28:	(34,177,76)
4,28:	(34,177,76)
5,28:	(34,177,76)
6,28:	(34,177,76)
7,28:	(34,177,76)
8,28:	(34,177,76)
9,28:	(34,177,76)
10,28:	(34,177,76)
11,28:	(34,177,76)
12,28:	(34,177,76)
13,28:	(34,177,76)
14,28:	(34,177,76)
15,28:	(34,177,76)
16,28:	(34,177,76)
17,28:	(34,177,76)
18,28:	(34,177,76)
19,28:	(34,177,76)
20,28:	(34,177,76)
21,28:	(34,177,76)
22,28:	(34,177,76)
23,28:	(34,177,76)
24,28:	(34,177,76)
25,28:	(34,177,76)
26,28:	(34,177,76)
27,28:	(34,177,76)
28,28:	(34,177,76)
29,28:	(34,177,76)
30,28:	(34,177,76)
31,28:	(34,177,76)
32,28:	(34,177,76)
33,28:	(34,177,76)
34,28:	(34,177,76)
35,28:	(34,177,76)
36,28:	(34,177,76)
37,28:	(34,177,76)
38,28:	(34,177,76)
39,28:	(34,177,76)
40,28:	(34,177,76)
41,28:	(34,177,76)
42,28:	(34,177,76)
43,28:	(34,177,76)
44,28:	(34,177,76)
45,28:	(34,177,76)
46,28:	(34,177,76)
47,28:	(34,177,76)
48,28:	(34,177,76)
49,28:	(34,177,76)
0,29:	(34,177,76)
1,29:	(34,177,76)
2,29:	(34,177,76)
3,29:	(34,177,76)
4,29:	(34,177,76)
5,29:	(34,177,76)
6,29:	(34,177,76)
7,29:	(34,177,76)
8,29:	(34,177,76)
9,29:	(34,177,76)
10,29:	(34,177,76)
11,29:	(34,177,76)
12,29:	(34,177,76)
13,29:	(34,177,76)
14,29:	(34,177,76)
15,29:	(34,177,76)
16,29:	(34,177,76)
17,29:	(34,177,76)
18,29:	(34,177,76)
19,29:	(34,177,76)
20,29:	(34,177,76)
21,29:	(34,177,76)
22,29:	(34,177,76)
23,29:	(34,177,76)
24,29:	(34,177,76)
25,29:	(34,177,76)
26,29:	(34,177,76)
27,29:	(34,177,76)
28,29:	(34,177,76)
29,29:	(34,177,76)
30,29:	(34,177,76)
31,29:	(34,177,76)
32,29:	(34,177,76)
33,29:	(34,177,76)
34,29:	(34,177,76)
35,29:	(34,177,76)
36,29:	(34,177,76)
37,29:	(34,177,76)
38,29:	(34,177,76)
39,29:	(34,177,76)
40,29:	(34,177,76)
41,29:	(34,177,76)
42,29:	(34,177,76)
43,29:	(34,177,76)
44,29:	(34,177,76)
45,29:	(34,177,76)
46,29:	(34,177,76)
47,29:	(34,177,76)
48,29:	(34,177,76)
49,29:	(34,177,76)
0,30:	(34,177,76)
1,30:	(34,177,76)
2,30:	(34,177,76)
3,30:	(34,177,76)
4,30:	(34,177,76)
5,30:	(34,177,76)
6,30:	(34,177,76)
7,30:	(34,177,76)
8,30:	(34,177,76)
9,30:	(34,177,76)
10,30:	(34,177,76)
11,30:	(34,177,76)
12,30:	(34,177,76)
13,30:	(34,177,76)
14,30:	(34,177,76)
15,30:	(34,177,76)
16,30:	(34,177,76)
17,30:	(34,177,76)
18,30:	(34,177,76)
19,30:	(34,177,76)
20,30:	(34,177,76)
21,30:	(34,177,76)
22,30:	(34,177,76)
23,30:	(34,177,76)
24,30:	(34,177,76)
25,30:	(34,177,76)
26,30:	(34,177,76)
27,30:	(34,177,76)
28,30:	(34,177,76)
29,30:	(34,177,76)
30,30:	(34,177,76)
31,30:	(34,177,76)
32,30:	(34,177,76)
33,30:	(34,177,76)
34,30:	(34,177,76)
35,30:	(34,177,76)
36,30:	(34,177,76)
37,30:	(34,177,76)
38,30:	(34,177,76)
39,30:	(34,177,76)
40,30:	(34,177,76)
41,30:	(34,177,76)
42,30:	(34,177,76)
43,30:	(34,177,76)
44,30:	(34,177,76)
45,30:	(34,177,76)
46,30:	(34,177,76)
47,30:	(34,177,76)
48,30:	(34,177,76)
49,30:	(34,177,76)
0,31:	(34,177,76)
1,31:	(34,177,76)
2,31:	(34,177,76)
3,31:	(34,177,76)
4,31:	(34,177,76)
5,31:	(34,177,76)
6,31:	(34,177,76)
7,31:	(34,177,76)
8,31:	(34,177,76)
9,31:	(34,177,76)
10,31:	(34,177,76)
11,31:	(34,177,76)
12,31:	(34,177,76)
13,31:	(34,177,76)
14,31:	(34,177,76)
15,31:	(34,177,76)
16,31:	(34,177,76)
17,31:	(34,177,76)
18,31:	(34,177,76)
19,31:	(34,177,76)
20,31:	(34,177,76)
21,31:	(34,177,76)
22,31:	(34,177,76)
23,31:	(34,177,76)
24,31:	(34,177,76)
25,31:	(34,177,76)
26,31:	(34,177,76)
27,31:	(34,177,76)
28,31:	(34,177,76)
29,31:	(34,177,76)
30,31:	(34,177,76)
31,31:	(34,177,76)
32,31:	(34,177,76)
33,31:	(34,177,76)
34,31:	(34,177,76)
35,31:	(34,177,76)
36,31:	(34,177,76)
37,31:	(34,177,76)
38,31:	(34,177,76)
39,31:	(34,177,76)
40,31:	(34,177,76)
41,31:	(34,177,76)
42,31:	(34,177,76)
43,31:	(34,177,76)
44,31:	(34,177,76)
45,31:	(34,177,76)
46,31:	(34,177,76)
47,31:	(34,177,76)
48,31:	(34,177,76)
49,31:	(34,177,76)
0,32:	(34,177,76)
1,32:	(34,177,76)
2,32:	(34,177,76)
3,32:	(34,177,76)
4,32:	(34,177,76)
5,32:	(34,177,76)
6,32:	(34,177,76)
7,32:	(34,177,76)
8,32:	(34,177,76)
9,32:	(34,177,76)
10,32:	(34,177,76)
11,32:	(34,177,76)
12,32:	(34,177,76)
13,32:	(34,177,76)
14,32:	(34,177,76)
15,32:	(0,0,0)
16,32:	(0,0,0)
17,32:	(0,0,0)
18,32:	(34,177,76)
19,32:	(34,177,76)
20,32:	(34,177,76)
21,32:	(34,177,76)
22,32:	(34,177,76)
23,32:	(34,177,76)
24,32:	(34,177,76)
25,32:	(34,177,76)
26,32:	(34,177,76)
27,32:	(34,177,76)
28,32:	(34,177,76)
29,32:	(34,177,76)
30,32:	(34,177,76)
31,32:	(0,0,0)
32,32:	(0,0,0)
33,32:	(0,0,0)
34,32:	(34,177,76)
35,32:	(34,177,76)
36,32:	(34,177,76)
37,32:	(34,177,76)
38,32:	(34,177,76)
39,32:	(34,177,76)
40,32:	(34,177,76)
41,32:	(34,177,76)
42,32:	(34,177,76)
43,32:	(34,177,76)
44,32:	(34,177,76)
45,32:	(34,177,76)
46,32:	(34,177,76)
47,32:	(34,177,76)
48,32:	(34,177,76)
49,32:	(34,177,76)
0,33:	(34,177,76)
1,33:	(34,177,76)
2,33:	(34,177,76)
3,33:	(34,177,76)
4,33:	(34,177,76)
5,33:	(34,177,76)
6,33:	(34,177,76)
7,33:	(34,177,76)
8,33:	(34,177,76)
9,33:	(34,177,76)
10,33:	(34,177,76)
11,33:	(34,177,76)
12,33:	(34,177,76)
13,33:	(34,177,76)
14,33:	(34,177,76)
15,33:	(0,0,0)
16,33:	(0,0,0)
17,33:	(0,0,0)
18,33:	(34,177,76)
19,33:	(34,177,76)
20,33:	(34,177,76)
21,33:	(34,177,76)
22,33:	(34,177,76)
23,33:	(34,177,76)
24,33:	(34,177,76)
25,33:	(34,177,76)
26,33:	(34,177,76)
27,33:	(34,177,76)
28,33:	(34,177,76)
29,33:	(34,177,76)
30,33:	(34,177,76)
31,33:	(0,0,0)
32,33:	(0,0,0)
33,33:	(0,0,0)
34,33:	(34,177,76)
35,33:	(34,177,76)
36,33:	(34,177,76)
37,33:	(34,177,76)
38,33:	(34,177,76)
39,33:	(34,177,76)
40,33:	(34,177,76)
41,33:	(34,177,76)
42,33:	(34,177,76)
43,33:	(34,177,76)
44,33:	(34,177,76)
45,33:	(34,177,76)
46,33:	(34,177,76)
47,33:	(34,177,76)
48,33:	(34,177,76)
49,33:	(34,177,76)
0,34:	(34,177,76)
1,34:	(34,177,76)
2,34:	(34,177,76)
3,34:	(34,177,76)
4,34:	(34,177,76)
5,34:	(34,177,76)
6,34:	(34,177,76)
7,34:	(34,177,76)
8,34:	(34,177,76)
9,34:	(34,177,76)
10,34:	(34,177,76)
11,34:	(34,177,76)
12,34:	(34,177,76)
13,34:	(34,177,76)
14,34:	(34,177,76)
15,34:	(0,0,0)
16,34:	(0,0,0)
17,34:	(0,0,0)
18,34:	(34,177,76)
19,34:	(34,177,76)
20,34:	(34,177,76)
21,34:	(34,177,76)
22,34:	(34,177,76)
23,34:	(34,177,76)
24,34:	(34,177,76)
25,34:	(34,177,76)
26,34:	(34,177,76)
27,34:	(34,177,76)
28,34:	(34,177,76)
29,34:	(34,177,76)
30,34:	(0,0,0)
31,34:	(0,0,0)
32,34:	(0,0,0)
33,34:	(0,0,0)
34,34:	(34,177,76)
35,34:	(34,177,76)
36,34:	(34,177,76)
37,34:	(34,177,76)
38,34:	(34,177,76)
39,34:	(34,177,76)
40,34:	(34,177,76)
41,34:	(34,177,76)
42,34:	(34,177,76)
43,34:	(34,177,76)
44,34:	(34,177,76)
45,34:	(34,177,76)
46,34:	(34,177,76)
47,34:	(34,177,76)
48,34:	(34,177,76)
49,34:	(34,177,76)
0,35:	(34,177,76)
1,35:	(34,177,76)
2,35:	(34,177,76)
3,35:	(34,177,76)
4,35:	(34,177,76)
5,35:	(34,177,76)
6,35:	(34,177,76)
7,35:	(34,177,76)
8,35:	(34,177,76)
9,35:	(34,177,76)
10,35:	(34,177,76)
11,35:	(34,177,76)
12,35:	(34,177,76)
13,35:	(34,177,76)
14,35:	(34,177,76)
15,35:	(0,0,0)
16,35:	(0,0,0)
17,35:	(0,0,0)
18,35:	(0,0,0)
19,35:	(34,177,76)
20,35:	(34,177,76)
21,35:	(34,177,76)
22,35:	(34,177,76)
23,35:	(34,177,76)
24,35:	(34,177,76)
25,35:	(34,177,76)
26,35:	(34,177,76)
27,35:	(34,177,76)
28,35:	(34,177,76)
29,35:	(0,0,0)
30,35:	(0,0,0)
31,35:	(0,0,0)
32,35:	(0,0,0)
33,35:	(0,0,0)
34,35:	(34,177,76)
35,35:	(34,177,76)
36,35:	(34,177,76)
37,35:	(34,177,76)
38,35:	(34,177,76)
39,35:	(34,177,76)
40,35:	(34,177,76)
41,35:	(34,177,76)
42,35:	(34,177,76)
43,35:	(34,177,76)
44,35:	(34,177,76)
45,35:	(34,177,76)
46,35:	(34,177,76)
47,35:	(34,177,76)
48,35:	(34,177,76)
49,35:	(34,177,76)
0,36:	(34,177,76)
1,36:	(34,177,76)
2,36:	(34,177,76)
3,36:	(34,177,76)
4,36:	(34,177,76)
5,36:	(34,177,76)
6,36:	(34,177,76)
7,36:	(34,177,76)
8,36:	(34,177,76)
9,36:	(34,177,76)
10,36:	(34,177,76)
11,36:	(34,177,76)
12,36:	(34,177,76)
13,36:	(34,177,76)
14,36:	(34,177,76)
15,36:	(0,0,0)
16,36:	(0,0,0)
17,36:	(0,0,0)
18,36:	(0,0,0)
19,36:	(0,0,0)
20,36:	(34,177,76)
21,36:	(34,177,76)
22,36:	(34,177,76)
23,36:	(34,177,76)
24,36:	(34,177,76)
25,36:	(34,177,76)
26,36:	(34,177,76)
27,36:	(34,177,76)
28,36:	(0,0,0)
29,36:	(0,0,0)
30,36:	(0,0,0)
31,36:	(0,0,0)
32,36:	(0,0,0)
33,36:	(0,0,0)
34,36:	(34,177,76)
35,36:	(34,177,76)
36,36:	(34,177,76)
37,36:	(34,177,76)
38,36:	(34,177,76)
39,36:	(34,177,76)
40,36:	(34,177,76)
41,36:	(34,177,76)
42,36:	(34,177,76)
43,36:	(34,177,76)
44,36:	(34,177,76)
45,36:	(34,177,76)
46,36:	(34,177,76)
47,36:	(34,177,76)
48,36:	(34,177,76)
49,36:	(34,177,76)
0,37:	(34,177,76)
1,37:	(34,177,76)
2,37:	(34,177,76)
3,37:	(34,177,76)
4,37:	(34,177,76)
5,37:	(34,177,76)
6,37:	(34,177,76)
7,37:	(34,177,76)
8,37:	(34,177,76)
9,37:	(34,177,76)
10,37:	(34,177,76)
11,37:	(34,177,76)
12,37:	(34,177,76)
13,37:	(34,177,76)
14,37:	(34,177,76)
15,37:	(0,0,0)
16,37:	(0,0,0)
17,37:	(0,0,0)
18,37:	(0,0,0)
19,37:	(0,0,0)
20,37:	(0,0,0)
21,37:	(0,0,0)
22,37:	(34,177,76)
23,37:	(34,177,76)
24,37:	(34,177,76)
25,37:	(34,177,76)
26,37:	(34,177,76)
27,37:	(0,0,0)
28,37:	(0,0,0)
29,37:	(0,0,0)
30,37:	(0,0,0)
31,37:	(0,0,0)
32,37:	(0,0,0)
33,37:	(34,177,76)
34,37:	(34,177,76)
35,37:	(34,177,76)
36,37:	(34,177,76)
37,37:	(34,177,76)
38,37:	(34,177,76)
39,37:	(34,177,76)
40,37:	(34,177,76)
41,37:	(34,177,76)
42,37:	(34,177,76)
43,37:	(34,177,76)
44,37:	(34,177,76)
45,37:	(34,177,76)
46,37:	(34,177,76)
47,37:	(34,177,76)
48,37:	(34,177,76)
49,37:	(34,177,76)
0,38:	(34,177,76)
1,38:	(34,177,76)
2,38:	(34,177,76)
3,38:	(34,177,76)
4,38:	(34,177,76)
5,38:	(34,177,76)
6,38:	(34,177,76)
7,38:	(34,177,76)
8,38:	(34,177,76)
9,38:	(34,177,76)
10,38:	(34,177,76)
11,38:	(34,177,76)
12,38:	(34,177,76)
13,38:	(34,177,76)
14,38:	(34,177,76)
15,38:	(34,177,76)
16,38:	(0,0,0)
17,38:	(0,0,0)
18,38:	(0,0,0)
19,38:	(0,0,0)
20,38:	(0,0,0)
21,38:	(0,0,0)
22,38:	(0,0,0)
23,38:	(0,0,0)
24,38:	(0,0,0)
25,38:	(0,0,0)
26,38:	(0,0,0)
27,38:	(0,0,0)
28,38:	(0,0,0)
29,38:	(0,0,0)
30,38:	(0,0,0)
31,38:	(0,0,0)
32,38:	(34,177,76)
33,38:	(34,177,76)
34,38:	(34,177,76)
35,38:	(34,177,76)
36,38:	(34,177,76)
37,38:	(34,177,76)
38,38:	(34,177,76)
39,38:	(34,177,76)
40,38:	(34,177,76)
41,38:	(34,177,76)
42,38:	(34,177,76)
43,38:	(34,177,76)
44,38:	(34,177,76)
45,38:	(34,177,76)
46,38:	(34,177,76)
47,38:	(34,177,76)
48,38:	(34,177,76)
49,38:	(34,177,76)
0,39:	(34,177,76)
1,39:	(34,177,76)
2,39:	(34,177,76)
3,39:	(34,177,76)
4,39:	(34,177,76)
5,39:	(34,177,76)
6,39:	(34,177,76)
7,39:	(34,177,76)
8,39:	(34,177,76)
9,39:	(34,177,76)
10,39:	(34,177,76)
11,39:	(34,177,76)
12,39:	(34,177,76)
13,39:	(34,177,76)
14,39:	(34,177,76)
15,39:	(34,177,76)
16,39:	(34,177,76)
17,39:	(0,0,0)
18,39:	(0,0,0)
19,39:	(0,0,0)
20,39:	(0,0,0)
21,39:	(0,0,0)
22,39:	(0,0,0)
23,39:	(0,0,0)
24,39:	(0,0,0)
25,39:	(0,0,0)
26,39:	(0,0,0)
27,39:	(0,0,0)
28,39:	(0,0,0)
29,39:	(0,0,0)
30,39:	(0,0,0)
31,39:	(34,177,76)
32,39:	(34,177,76)
33,39:	(34,177,76)
34,39:	(34,177,76)
35,39:	(34,177,76)
36,39:	(34,177,76)
37,39:	(34,177,76)
38,39:	(34,177,76)
39,39:	(34,177,76)
40,39:	(34,177,76)
41,39:	(34,177,76)
42,39:	(34,177,76)
43,39:	(34,177,76)
44,39:	(34,177,76)
45,39:	(34,177,76)
46,39:	(34,177,76)
47,39:	(34,177,76)
48,39:	(34,177,76)
49,39:	(34,177,76)
0,40:	(34,177,76)
1,40:	(34,177,76)
2,40:	(34,177,76)
3,40:	(34,177,76)
4,40:	(34,177,76)
5,40:	(34,177,76)
6,40:	(34,177,76)
7,40:	(34,177,76)
8,40:	(34,177,76)
9,40:	(34,177,76)
10,40:	(34,177,76)
11,40:	(34,177,76)
12,40:	(34,177,76)
13,40:	(34,177,76)
14,40:	(34,177,76)
15,40:	(34,177,76)
16,40:	(34,177,76)
17,40:	(34,177,76)
18,40:	(34,177,76)
19,40:	(0,0,0)
20,40:	(0,0,0)
21,40:	(0,0,0)
22,40:	(0,0,0)
23,40:	(0,0,0)
24,40:	(0,0,0)
25,40:	(0,0,0)
26,40:	(0,0,0)
27,40:	(0,0,0)
28,40:	(0,0,0)
29,40:	(0,0,0)
30,40:	(34,177,76)
31,40:	(34,177,76)
32,40:	(34,177,76)
33,40:	(34,177,76)
34,40:	(34,177,76)
35,40:	(34,177,76)
36,40:	(34,177,76)
37,40:	(34,177,76)
38,40:	(34,177,76)
39,40:	(34,177,76)
40,40:	(34,177,76)
41,40:	(34,177,76)
42,40:	(34,177,76)
43,40:	(34,177,76)
44,40:	(34,177,76)
45,40:	(34,177,76)
46,40:	(34,177,76)
47,40:	(34,177,76)
48,40:	(34,177,76)
49,40:	(34,177,76)
0,41:	(34,177,76)
1,41:	(34,177,76)
2,41:	(34,177,76)
3,41:	(34,177,76)
4,41:	(34,177,76)
5,41:	(34,177,76)
6,41:	(34,177,76)
7,41:	(34,177,76)
8,41:	(34,177,76)
9,41:	(34,177,76)
10,41:	(34,177,76)
11,41:	(34,177,76)
12,41:	(34,177,76)
13,41:	(34,177,76)
14,41:	(34,177,76)
15,41:	(34,177,76)
16,41:	(34,177,76)
17,41:	(34,177,76)
18,41:	(34,177,76)
19,41:	(34,177,76)
20,41:	(34,177,76)
21,41:	(34,177,76)
22,41:	(34,177,76)
23,41:	(34,177,76)
24,41:	(34,177,76)
25,41:	(34,177,76)
26,41:	(34,177,76)
27,41:	(34,177,76)
28,41:	(34,177,76)
29,41:	(34,177,76)
30,41:	(34,177,76)
31,41:	(34,177,76)
32,41:	(34,177,76)
33,41:	(34,177,76)
34,41:	(34,177,76)
35,41:	(34,177,76)
36,41:	(34,177,76)
37,41:	(34,177,76)
38,41:	(34,177,76)
39,41:	(34,177,76)
40,41:	(34,177,76)
41,41:	(34,177,76)
42,41:	(34,177,76)
43,41:	(34,177,76)
44,41:	(34,177,76)
45,41:	(34,177,76)
46,41:	(34,177,76)
47,41:	(34,177,76)
48,41:	(34,177,76)
49,41:	(34,177,76)
0,42:	(34,177,76)
1,42:	(34,177,76)
2,42:	(34,177,76)
3,42:	(34,177,76)
4,42:	(34,177,76)
5,42:	(34,177,76)
6,42:	(34,177,76)
7,42:	(34,177,76)
8,42:	(34,177,76)
9,42:	(34,177,76)
10,42:	(34,177,76)
11,42:	(34,177,76)
12,42:	(34,177,76)
13,42:	(34,177,76)
14,42:	(34,177,76)
15,42:	(34,177,76)
16,42:	(34,177,76)
17,42:	(34,177,76)
18,42:	(34,177,76)
19,42:	(34,177,76)
20,42:	(34,177,76)
21,42:	(34,177,76)
22,42:	(34,177,76)
23,42:	(34,177,76)
24,42:	(34,177,76)
25,42:	(34,177,76)
26,42:	(34,177,76)
27,42:	(34,177,76)
28,42:	(34,177,76)
29,42:	(34,177,76)
30,42:	(34,177,76)
31,42:	(34,177,76)
32,42:	(34,177,76)
33,42:	(34,177,76)
34,42:	(34,177,76)
35,42:	(34,177,76)
36,42:	(34,177,76)
37,42:	(34,177,76)
38,42:	(34,177,76)
39,42:	(34,177,76)
40,42:	(34,177,76)
41,42:	(34,177,76)
42,42:	(34,177,76)
43,42:	(34,177,76)
44,42:	(34,177,76)
45,42:	(34,177,76)
46,42:	(34,177,76)
47,42:	(34,177,76)
48,42:	(34,177,76)
49,42:	(34,177,76)
0,43:	(34,177,76)
1,43:	(34,177,76)
2,43:	(34,177,76)
3,43:	(34,177,76)
4,43:	(34,177,76)
5,43:	(34,177,76)
6,43:	(34,177,76)
7,43:	(34,177,76)
8,43:	(34,177,76)
9,43:	(34,177,76)
10,43:	(34,177,76)
11,43:	(34,177,76)
12,43:	(34,177,76)
13,43:	(34,177,76)
14,43:	(34,177,76)
15,43:	(34,177,76)
16,43:	(34,177,76)
17,43:	(34,177,76)
18,43:	(34,177,76)
19,43:	(34,177,76)
20,43:	(34,177,76)
21,43:	(34,177,76)
22,43:	(34,177,76)
23,43:	(34,177,76)
24,43:	(34,177,76)
25,43:	(34,177,76)
26,43:	(34,177,76)
27,43:	(34,177,76)
28,43:	(34,177,76)
29,43:	(34,177,76)
30,43:	(34,177,76)
31,43:	(34,177,76)
32,43:	(34,177,76)
33,43:	(34,177,76)
34,43:	(34,177,76)
35,43:	(34,177,76)
36,43:	(34,177,76)
37,43:	(34,177,76)
38,43:	(34,177,76)
39,43:	(34,177,76)
40,43:	(34,177,76)
41,43:	(34,177,76)
42,43:	(34,177,76)
43,43:	(34,177,76)
44,43:	(34,177,76)
45,43:	(34,177,76)
46,43:	(34,177,76)
47,43:	(34,177,76)
48,43:	(34,177,76)
49,43:	(34,177,76)
0,44:	(34,177,76)
1,44:	(34,177,76)
2,44:	(34,177,76)
3,44:	(34,177,76)
4,44:	(34,177,76)
5,44:	(34,177,76)
6,44:	(34,177,76)
7,44:	(34,177,76)
8,44:	(34,177,76)
9,44:	(34,177,76)
10,44:	(34,177,76)
11,44:	(34,177,76)
12,44:	(34,177,76)
13,44:	(34,177,76)
14,44:	(34,177,76)
15,44:	(34,177,76)
16,44:	(34,177,76)
17,44:	(34,177,76)
18,44:	(34,177,76)
19,44:	(34,177,76)
20,44:	(34,177,76)
21,44:	(34,177,76)
22,44:	(34,177,76)
23,44:	(34,177,76)
24,44:	(34,177,76)
25,44:	(34,177,76)
26,44:	(34,177,76)
27,44:	(34,177,76)
28,44:	(34,177,76)
29,44:	(34,177,76)
30,44:	(34,177,76)
31,44:	(34,177,76)
32,44:	(34,177,76)
33,44:	(34,177,76)
34,44:	(34,177,76)
35,44:	(34,177,76)
36,44:	(34,177,76)
37,44:	(34,177,76)
38,44:	(34,177,76)
39,44:	(34,177,76)
40,44:	(34,177,76)
41,44:	(34,177,76)
42,44:	(34,177,76)
43,44:	(34,177,76)
44,44:	(34,177,76)
45,44:	(34,177,76)
46,44:	(34,177,76)
47,44:	(34,177,76)
48,44:	(34,177,76)
49,44:	(34,177,76)
0,45:	(34,177,76)
1,45:	(34,177,76)
2,45:	(34,177,76)
3,45:	(34,177,76)
4,45:	(34,177,76)
5,45:	(34,177,76)
6,45:	(34,177,76)
7,45:	(34,177,76)
8,45:	(34,177,76)
9,45:	(34,177,76)
10,45:	(34,177,76)
11,45:	(34,177,76)
12,45:	(34,177,76)
13,45:	(34,177,76)
14,45:	(34,177,76)
15,45:	(34,177,76)
16,45:	(34,177,76)
17,45:	(34,177,76)
18,45:	(34,177,76)
19,45:	(34,177,76)
20,45:	(34,177,76)
21,45:	(34,177,76)
22,45:	(34,177,76)
23,45:	(34,177,76)
24,45:	(34,177,76)
25,45:	(34,177,76)
26,45:	(34,177,76)
27,45:	(34,177,76)
28,45:	(34,177,76)
29,45:	(34,177,76)
30,45:	(34,177,76)
31,45:	(34,177,76)
32,45:	(34,177,76)
33,45:	(34,177,76)
34,45:	(34,177,76)
35,45:	(34,177,76)
36,45:	(34,177,76)
37,45:	(34,177,76)
38,45:	(34,177,76)
39,45:	(34,177,76)
40,45:	(34,177,76)
41,45:	(34,177,76)
42,45:	(34,177,76)
43,45:	(34,177,76)
44,45:	(34,177,76)
45,45:	(34,177,76)
46,45:	(34,177,76)
47,45:	(34,177,76)
48,45:	(34,177,76)
49,45:	(34,177,76)
0,46:	(34,177,76)
1,46:	(34,177,76)
2,46:	(34,177,76)
3,46:	(34,177,76)
4,46:	(34,177,76)
5,46:	(34,177,76)
6,46:	(34,177,76)
7,46:	(34,177,76)
8,46:	(34,177,76)
9,46:	(34,177,76)
10,46:	(34,177,76)
11,46:	(34,177,76)
12,46:	(34,177,76)
13,46:	(34,177,76)
14,46:	(34,177,76)
15,46:	(34,177,76)
16,46:	(34,177,76)
17,46:	(34,177,76)
18,46:	(34,177,76)
19,46:	(34,177,76)
20,46:	(34,177,76)
21,46:	(34,177,76)
22,46:	(34,177,76)
23,46:	(34,177,76)
24,46:	(34,177,76)
25,46:	(34,177,76)
26,46:	(34,177,76)
27,46:	(34,177,76)
28,46:	(34,177,76)
29,46:	(34,177,76)
30,46:	(34,177,76)
31,46:	(34,177,76)
32,46:	(34,177,76)
33,46:	(34,177,76)
34,46:	(34,177,76)
35,46:	(34,177,76)
36,46:	(34,177,76)
37,46:	(34,177,76)
38,46:	(34,177,76)
39,46:	(34,177,76)
40,46:	(34,177,76)
41,46:	(34,177,76)
42,46:	(34,177,76)
43,46:	(34,177,76)
44,46:	(34,177,76)
45,46:	(34,177,76)
46,46:	(34,177,76)
47,46:	(34,177,76)
48,46:	(34,177,76)
49,46:	(34,177,76)
0,47:	(34,177,76)
1,47:	(34,177,76)
2,47:	(34,177,76)
3,47:	(34,177,76)
4,47:	(34,177,76)
5,47:	(34,177,76)
6,47:	(34,177,76)
7,47:	(34,177,76)
8,47:	(34,177,76)
9,47:	(34,177,76)
10,47:	(34,177,76)
11,47:	(34,177,76)
12,47:	(34,177,76)
13,47:	(34,177,76)
14,47:	(34,177,76)
15,47:	(34,177,76)
16,47:	(34,177,76)
17,47:	(34,177,76)
18,47:	(34,177,76)
19,47:	(34,177,76)
20,47:	(34,177,76)
21,47:	(34,177,76)
22,47:	(34,177,76)
23,47:	(34,177,76)
24,47:	(34,177,76)
25,47:	(34,177,76)
26,47:	(34,177,76)
27,47:	(34,177,76)
28,47:	(34,177,76)
29,47:	(34,177,76)
30,47:	(34,177,76)
31,47:	(34,177,76)
32,47:	(34,177,76)
33,47:	(34,177,76)
34,47:	(34,177,76)
35,47:	(34,177,76)
36,47:	(34,177,76)
37,47:	(34,177,76)
38,47:	(34,177,76)
39,47:	(34,177,76)
40,47:	(34,177,76)
41,47:	(34,177,76)
42,47:	(34,177,76)
43,47:	(34,177,76)
44,47:	(34,177,76)
45,47:	(34,177,76)
46,47:	(34,177,76)
47,47:	(34,177,76)
48,47:	(34,177,76)
49,47:	(34,177,76)
0,48:	(34,177,76)
1,48:	(34,177,76)
2,48:	(34,177,76)
3,48:	(34,177,76)
4,48:	(34,177,76)
5,48:	(34,177,76)
6,48:	(34,177,76)
7,48:	(34,177,76)
8,48:	(34,177,76)
9,48:	(34,177,76)
10,48:	(34,177,76)
11,48:	(34,177,76)
12,48:	(34,177,76)
13,48:	(34,177,76)
14,48:	(34,177,76)
15,48:	(34,177,76)
16,48:	(34,177,76)
17,48:	(34,177,76)
18,48:	(34,177,76)
19,48:	(34,177,76)
20,48:	(34,177,76)
21,48:	(34,177,76)
22,48:	(34,177,76)
23,48:	(34,177,76)
24,48:	(34,177,76)
25,48:	(34,177,76)
26,48:	(34,177,76)
27,48:	(34,177,76)
28,48:	(34,177,76)
29,48:	(34,177,76)
30,48:	(34,177,76)
31,48:	(34,177,76)
32,48:	(34,177,76)
33,48:	(34,177,76)
34,48:	(34,177,76)
35,48:	(34,177,76)
36,48:	(34,177,76)
37,48:	(34,177,76)
38,48:	(34,177,76)
39,48:	(34,177,76)
40,48:	(34,177,76)
41,48:	(34,177,76)
42,48:	(34,177,76)
43,48:	(34,177,76)
44,48:	(34,177,76)
45,48:	(34,177,76)
46,48:	(34,177,76)
47,48:	(34,177,76)
48,48:	(34,177,76)
49,48:	(34,177,76)
0,49:	(34,177,76)
1,49:	(34,177,76)
2,49:	(34,177,76)
3,49:	(34,177,76)
4,49:	(34,177,76)
5,49:	(34,177,76)
6,49:	(34,177,76)
7,49:	(34,177,76)
8,49:	(34,177,76)
9,49:	(34,177,76)
10,49:	(34,177,76)
11,49:	(34,177,76)
12,49:	(34,177,76)
13,49:	(34,177,76)
14,49:	(34,177,76)
15,49:	(34,177,76)
16,49:	(34,177,76)
17,49:	(34,177,76)
18,49:	(34,177,76)
19,49:	(34,177,76)
20,49:	(34,177,76)
21,49:	(34,177,76)
22,49:	(34,177,76)
23,49:	(34,177,76)
24,49:	(34,177,76)
25,49:	(34,177,76)
26,49:	(34,177,76)
27,49:	(34,177,76)
28,49:	(34,177,76)
29,49:	(34,177,76)
30,49:	(34,177,76)
31,49:	(34,177,76)
32,49:	(34,177,76)
33,49:	(34,177,76)
34,49:	(34,177,76)
35,49:	(34,177,76)
36,49:	(34,177,76)
37,49:	(34,177,76)
38,49:	(34,177,76)
39,49:	(34,177,76)
40,49:	(34,177,76)
41,49:	(34,177,76)
42,49:	(34,177,76)
43,49:	(34,177,76)
44,49:	(34,177,76)
45,49:	(34,177,76)
46,49:	(34,177,76)
47,49:	(34,177,76)
48,49:	(34,177,76)
49,49:	(34,177,76)
